0.9977286280961742 -0.05021314017778724 -0.04468749413449117 0.0 0.0499646215601547 0.9987191329365146 -0.00666160642003778 0.0 0.04496562129963231 0.00441376668016541 0.9989787843417052 0.0 0.3095555978834459 0.23656141600678088 0.33935686258176095 1.0
0.9977283886205431 -0.05021069127697049 -0.0446955917664301 0.0 0.0499615594152537 0.9987192008533926 -0.006674378530228067 0.0 0.044974336745833864 0.004426240691218775 0.9989783368159771 0.0 0.30955116356133233 0.23656312964079534 0.33935044435787987 1.0
0.9977285852207134 -0.05021395363154955 -0.044687537360775687 0.0 0.04996529044011718 0.998719077952589 -0.006664832028905886 0.0 0.04496582940694308 0.004416952687675737 0.9989787608926931 0.0 0.30955460397814544 0.23656215517679197 0.3393557020930694 1.0
0.9977290007938858 -0.05020995102660319 -0.0446827561140598 0.0 0.04996155130985487 0.9987193015148739 -0.006659359846374995 0.0 0.04496076274175501 0.004411901575969269 0.9989790112600784 0.0 0.3095555150119734 0.23656290116147421 0.339358484079935 1.0
0.9977290649977262 -0.050205198354589635 -0.04468666264275966 0.0 0.0499564934991339 0.9987195125563254 -0.006665650586054432 0.0 0.0449649579569588 0.0044182094192370515 0.9989787945604535 0.0 0.30955356999751327 0.2365629676094772 0.3393561607346934 1.0
0.9977287411522169 -0.050208800404982816 -0.04468984607171633 0.0 0.04996001069737389 0.9987193255949773 -0.006667301961095772 0.0 0.04496823594098122 0.004419538694533962 0.9989786411300714 0.0 0.3095528890550713 0.23656366856586294 0.3393540397183876 1.0
0.9977290434145354 -0.050201583990482884 -0.044691204874910066 0.0 0.04995270621150083 0.9987196798608836 -0.006668965581720999 0.0 0.04496964426605135 0.0044214591498503535 0.9989785692363831 0.0 0.30955215669078606 0.23656427757715712 0.33935313027147634 1.0
0.997729045278895 -0.05020609500060895 -0.044686095520445765 0.0 0.04995747835689353 0.9987194758668339 -0.00666376633035501 0.0 0.04496430128429323 0.004416313596651984 0.9989788325005848 0.0 0.30955348915392616 0.23656391584740577 0.3393569753838549 1.0
0.997728409337385 -0.05021855918606552 -0.0446862888991185 0.0 0.049970042331034484 0.9987188604017097 -0.006661805202267299 0.0 0.044964451488771914 0.004413781538839867 0.9989788369304133 0.0 0.30955578014858776 0.23656146257491972 0.33935696773124624 1.0
0.9977284063467026 -0.05021151238399828 -0.04469427361742465 0.0 0.04996255367142761 0.9987191758223827 -0.006670680362524088 0.0 0.04497283892731782 0.004422572391156598 0.9989784204937874 0.0 0.3095533492914689 0.23656143760064427 0.3393524214124296 1.0
0.9977286603965717 -0.05021036992644669 -0.044689885615425216 0.0 0.04996156617538141 0.9987192454945057 -0.006667644666341027 0.0 0.044968299527421624 0.004419808598415103 0.9989786370736691 0.0 0.30955348938806426 0.23656309900724748 0.33935476667185 1.0
0.9977285482515301 -0.05021380999845961 -0.04468852414816777 0.0 0.04996521322622616 0.9987190923299315 -0.0066632562718147974 0.0 0.04496673550822748 0.00441533437774608 0.9989787272610293 0.0 0.3095560208672834 0.2365617481725102 0.33935627196333173 1.0
0.9977285185942883 -0.05021136403035192 -0.04469193447442887 0.0 0.04996249343163418 0.9987191903920281 -0.00666894999190238 0.0 0.044970415510951336 0.0044209662306741015 0.9989785366995427 0.0 0.309553295519562 0.2365631133061997 0.3393540692425241 1.0
0.9977287904001481 -0.050208788535941955 -0.044688759902447105 0.0 0.04996006353458429 0.9987193318358529 -0.006665971060253866 0.0 0.044967084517416336 0.004418263024035966 0.9989786986026546 0.0 0.3095537811851957 0.2365625990404211 0.3393552190517943 1.0
0.9977281871683622 -0.05021449096877949 -0.04469582002478367 0.0 0.04996535815755923 0.9987190102608626 -0.006674460948864887 0.0 0.04497458569712936 0.004426140384070927 0.9989783260525085 0.0 0.30955320634272815 0.23656254410205738 0.3393511680485994 1.0
0.9977291194183241 -0.05020266613653706 -0.04468829241229845 0.0 0.04995385728530891 0.9987196304381897 -0.006667744816141837 0.0 0.04496667919772973 0.0044203356875868564 0.9989787076781653 0.0 0.3095514632649757 0.23656384774812617 0.3393549192769107 1.0
0.9977289969559326 -0.050208665184136046 -0.04468428666706415 0.0 0.049960251170716084 0.9987193656277444 -0.00665949880118171 0.0 0.04496229264272336 0.00441202181895338 0.9989789418720393 0.0 0.30955472720126864 0.23656250918941424 0.3393583492040286 1.0
0.997728109901865 -0.050212431141671926 -0.04469985874365598 0.0 0.04996320478740413 0.9987191070667963 -0.006676095286980102 0.0 0.044978691964568586 0.004427664982097374 0.9989781344213509 0.0 0.30955097484732697 0.23656158425798843 0.3393492862977443 1.0
0.9977285063617068 -0.050211696294031785 -0.04469183426222051 0.0 0.049962756299891956 0.998719166831816 -0.006670508742904026 0.0 0.04497039485713062 0.004422514648003251 0.9989785307756027 0.0 0.30955217602538765 0.2365629509493841 0.3393532378451817 1.0
0.9977285855663899 -0.050211101997135556 -0.04469073372784361 0.0 0.0499623340139701 0.9987192128362224 -0.006666782798399607 0.0 0.04496910671548258 0.004418871482854782 0.9989786048840233 0.0 0.30955420524086663 0.23656303422378006 0.3393548534559348 1.0
0.9977284249703956 -0.050215130006658386 -0.04468979330581607 0.0 0.04996648228532876 0.9987190219249603 -0.006664292497268209 0.0 0.044968060749082134 0.004416247317737321 0.9989786635719982 0.0 0.3095539049551129 0.23656274209032713 0.33935545457210897 1.0
0.9977285938057058 -0.050212278732208175 -0.04468922765293661 0.0 0.04996368788749719 0.9987191702055827 -0.0066630216690035235 0.0 0.044967419622084386 0.00441513362293109 0.9989786973542645 0.0 0.3095554370127662 0.23656051541989373 0.3393560697575269 1.0
0.99772799564148 -0.050219117873510646 -0.044694896962067666 0.0 0.04997026273984996 0.9987188047880523 -0.0066684860083069085 0.0 0.04497338543600309 0.004420004533490115 0.9989784072553062 0.0 0.30955465055788794 0.2365584920604361 0.3393526106702118 1.0
0.9977285495764449 -0.05021088702113242 -0.04469177872766877 0.0 0.049962106370678126 0.9987192230637361 -0.006666956665588286 0.0 0.044970158151041974 0.004419002680854979 0.9989785569726594 0.0 0.30955374444349243 0.2365604977271244 0.339354278380291 1.0
0.997729010346813 -0.05020603956511629 -0.044686937742070935 0.0 0.04995716254083283 0.9987194536108472 -0.00666946709478568 0.0 0.044965427297956224 0.004421973328477836 0.9989787567810411 0.0 0.3095534761289678 0.23656338142572983 0.33935490476248 1.0
0.9977278004821061 -0.05022223169202765 -0.044695754722562826 0.0 0.04997330192594456 0.9987186417542396 -0.006670128064245253 0.0 0.0449743380611305 0.004421462883776507 0.9989783579146899 0.0 0.3095559609995924 0.2365569110624921 0.3393521753626665 1.0
0.9977273726874358 -0.05021823485119444 -0.04470979288550995 0.0 0.04996863867147125 0.9987187859736854 -0.006683456723605495 0.0 0.04498900764892387 0.00443426560489441 0.9989776406303147 0.0 0.3095496251733642 0.2365556947833495 0.3393441300441146 1.0
0.9977270877726508 -0.050221989449251304 -0.04471193354880279 0.0 0.049972158008196585 0.9987185757741301 -0.006688552078397295 0.0 0.04499141721008012 0.004439083244550525 0.998977510716521 0.0 0.30955054535453447 0.23655557503262364 0.33934234729769375 1.0
0.9977288570801335 -0.05021207019482267 -0.04468358375879126 0.0 0.049963276130932516 0.9987191569979165 -0.006668087045289048 0.0 0.044962035216514915 0.004420489740872626 0.9989789160235764 0.0 0.3095547202840487 0.23656207362244283 0.33935704218101415 1.0
0.9977282696804742 -0.05022144640913931 -0.044686162312168175 0.0 0.04997292136643985 0.9987187146263463 -0.006662063224749721 0.0 0.044964350740296026 0.004413915719892896 0.9989788408722785 0.0 0.3095576353481208 0.23655816069306262 0.3393567244138641 1.0
0.9977293557781399 -0.050206366883955265 -0.04467885678998717 0.0 0.04995808790942389 0.9987194906275604 -0.0066569808673746225 0.0 0.0449567334753157 0.004409879880879358 0.9989792015225671 0.0 0.3095550086630318 0.23656580667634608 0.33936031742064415 1.0
0.9977302875528608 -0.050191041986229624 -0.04467526726535171 0.0 0.04994248406703537 0.9987202296077581 -0.0066631943277354125 0.0 0.0449533913393904 0.004416962009247638 0.9989793206336639 0.0 0.30955176743149054 0.23656935407063318 0.3393586509990292 1.0
0.9977332636510734 -0.05016614684461479 -0.04463674737422564 0.0 0.049918909333864975 0.998721582170366 -0.006637070079986901 0.0 0.044913503916904046 0.004393892442898929 0.9989812164776206 0.0 0.3095527200171629 0.2365862458090425 0.33937606808570303 1.0
0.9977653073444949 -0.05014719128211785 -0.04393628986918217 0.0 0.04992995331287353 0.9987248885745676 -0.006028565758143398 0.0 0.04418343251220045 0.003821430438989121 0.9990161264768652 0.0 0.3097366939933132 0.23674044635387023 0.33939500668290706 1.0
0.9978522307690559 -0.0500614304799263 -0.042018158321499265 0.0 0.049918093116440715 0.9987337435748813 -0.004454248054392587 0.0 0.042188750852056305 0.0023472602098331906 0.9991069010226336 0.0 0.3102716061864291 0.23722180899724665 0.33943385970634926 1.0
0.9978933474579343 -0.04991356451263794 -0.04120982987163976 0.0 0.04979067596471026 0.9987420118902105 -0.004003645049242887 0.0 0.04135862087271951 0.0019433828906655654 0.9991424761976879 0.0 0.31063330147171975 0.23759289277914408 0.3394025172976386 1.0
0.9979375414846703 -0.04970372656822152 -0.040385019028989784 0.0 0.04959781965554801 0.9987530693317516 -0.0036207301790532843 0.0 0.040515405540127176 0.0016102846856481975 0.9991776162910927 0.0 0.31105015565173966 0.23803956862291442 0.3393323797011043 1.0
0.9980308672614839 -0.049141738684407216 -0.0387327305204754 0.0 0.049072874678257314 0.9987818391283992 -0.002727214570334008 0.0 0.03882031530082241 0.0008211337014288808 0.9992458700737217 0.0 0.31151905523546697 0.23871431922459307 0.3393147544629042 1.0
0.9981839819881231 -0.04792396556280827 -0.03623228571699254 0.0 0.04790462554085185 0.9988412924571464 -0.0014022252089417667 0.0 0.03625820136959498 -0.00033602180651712385 0.9993423987416863 0.0 0.31195463317201033 0.23970088618823904 0.33934668860152545 1.0
0.9983790296020189 -0.0459946933516419 -0.033234745908879745 0.0 0.04601192276506688 0.9989312233788111 -0.0002466243732038117 0.0 0.03321120822053254 -0.0012829946611035451 0.9994475321762678 0.0 0.312265949111143 0.24096085354544838 0.3394278869557531 1.0
0.9986282577508544 -0.04322254147805266 -0.02922604370898553 0.0 0.04327613709201426 0.9990527886500293 0.0012034742213259937 0.0 0.02914690442245096 -0.002466661129968496 0.9995720952214794 0.0 0.3125434839390452 0.242645664435844 0.33960235751625517 1.0
0.9989033283551212 -0.03975025534005402 -0.024347581043501532 0.0 0.039832994996718274 0.9991924430404976 0.0029225299932455684 0.0 0.024212213831657177 -0.003889236891220734 0.9996992760514405 0.0 0.31287246773129296 0.2447595483800303 0.33982662050168394 1.0
0.9991401164524388 -0.03623229581030035 -0.01967219705397431 0.0 0.03631554337834697 0.9993231652728346 0.003890958677068421 0.0 0.019518279649441674 -0.004602108036019445 0.9997989084616722 0.0 0.313047415691113 0.24710530239794845 0.3400085560822767 1.0
0.9993213809396403 -0.0330136498341037 -0.015736054865493176 0.0 0.033078739032290826 0.9994355309524804 0.0038940204128584976 0.0 0.01559891685072162 -0.00441199165318959 0.9998685954277874 0.0 0.31317040633337473 0.24956958282042335 0.3401002375234916 1.0
0.999481139781133 -0.02928871886170188 -0.012663691028129037 0.0 0.029329336839547193 0.9995555682269786 0.003033632839068505 0.0 0.012569453663052422 -0.0034035419961958953 0.9999152087734701 0.0 0.31332550764828204 0.2520595208014104 0.3401975063947732 1.0
0.9996031359420018 -0.0259231104224791 -0.010114833767707698 0.0 0.02594204211633261 0.9996522958146854 0.0017449425410379414 0.0 0.01006627626651208 -0.002006688114626141 0.9999473202548907 0.0 0.31360541424151805 0.2545910850377868 0.3401280153037919 1.0
0.999660128506777 -0.024198039643418795 -0.008650390305508304 0.0 0.024194816677195207 0.9996975193386747 -0.0004770484932914562 0.0 0.008659484089983127 0.0002675969025493241 0.9999624701593519 0.0 0.3139454455800168 0.2570714521368321 0.3398373027554566 1.0
0.9996253523565957 -0.025674070014555038 -0.00841094263729611 0.0 0.025643047765346146 0.9996544031493835 -0.0037756147264296175 0.0 0.008505134989048518 0.0035585865112879094 0.9999574986672484 0.0 0.31432769242487024 0.25948909120494246 0.3393090982266488 1.0
0.9995709791502225 -0.02762475941525832 -0.008687762031887267 0.0 0.027558958976849974 0.9995816234632633 -0.0076045194369714205 0.0 0.008894371540225373 0.007361973002936536 0.9999333435326618 0.0 0.31470062587685327 0.26195509960569047 0.33838997137967786 1.0
0.999537215508529 -0.028771384478087792 -0.008849245723721361 0.0 0.0286691072921805 0.9995134568761853 -0.01147513449576937 0.0 0.00917527234300408 0.011216339955680232 0.9998949985350614 0.0 0.3152499710802682 0.2646980662863714 0.33749192246979565 1.0
0.9994603565792934 -0.03144496519890976 -0.008423579479031117 0.0 0.03131705452423311 0.9993886680373993 -0.014909030671621377 0.0 0.008887414936552502 0.014637465230040453 0.9998533684832915 0.0 0.3161049029107902 0.2677865509362589 0.33665296545790235 1.0
0.9993904188619396 -0.033710735720294684 -0.007945054144662164 0.0 0.03356051816977286 0.999258819041 -0.018337150546650024 0.0 0.008557489015934684 0.01805968013637507 0.9998002887252604 0.0 0.31715193861159396 0.27113693472474043 0.3357138430799093 1.0
0.9994413028948509 -0.032258327489358286 -0.007565003413108866 0.0 0.032087421277640894 0.9992394407121713 -0.021718296944894896 0.0 0.008260004745547509 0.021463834789111465 0.9997355030795642 0.0 0.31826369048322545 0.27463789015497236 0.3344911333480175 1.0
0.9995180218844841 -0.029910231892754213 -0.00706037233140879 0.0 0.029727071598309625 0.9992417313317274 -0.024759048458476547 0.0 0.007795717644842593 0.024537703371979223 0.999668509006676 0.0 0.31961221489204633 0.27829841668100486 0.33341454187885344 1.0
0.9995767476684221 -0.027705022798683178 -0.007713892244027684 0.0 0.02747342957050813 0.9992018559399932 -0.028663716697526976 0.0 0.008502028061739808 0.028440205199402647 0.9995593380320417 0.0 0.32085675589968843 0.28175791875270656 0.332044637271918 1.0
0.9995435898354308 -0.02850596269388951 -0.008987158116039968 0.0 0.028195365013502918 0.9990487607962821 -0.03297486685911777 0.0 0.009918780470692312 0.03270705030326286 0.9994157626605826 0.0 0.3219651408045025 0.2849568143327993 0.3304367030298914 1.0
0.9994002907028683 -0.03285521365020802 -0.01001702451977129 0.0 0.032463713217485396 0.9987775336348479 -0.037017462522860284 0.0 0.011221211727292017 0.036670779021258024 0.9992643986319862 0.0 0.3231542196296286 0.28816051310860386 0.32903310143690406 1.0
0.9992693281298799 -0.03633976774814893 -0.010999001776405446 0.0 0.03586223333498382 0.9985107082754383 -0.04087802075343232 0.0 0.012468358888810514 0.04045448243955123 0.9991035856592487 0.0 0.3243219486742754 0.29136017813867265 0.3275890912737702 1.0
0.999080576271667 -0.04113638974908421 -0.011249286923783791 0.0 0.04060538901835721 0.9981991473636955 -0.04393644826641849 0.0 0.013036666472076045 0.043440106738290934 0.9989709717773896 0.0 0.3255578392585751 0.2946416825643865 0.3262603063550799 1.0
0.9989835039469789 -0.04362719055639908 -0.01045820190951854 0.0 0.04310702294862706 0.9980170786670178 -0.045655691459728656 0.0 0.01242953297617146 0.04515933013689136 0.9989024685181138 0.0 0.32711046898399443 0.2982080598731707 0.3253456310546144 1.0
0.9989465003607817 -0.04451254246939147 -0.01026011116246215 0.0 0.04397437878096043 0.9978802268770723 -0.04777084591881931 0.0 0.012365001926945639 0.04727024743402961 0.9988056019240542 0.0 0.32849086641421965 0.30165979523160086 0.3243423078610176 1.0
0.9988200133066993 -0.047306689049292375 -0.010070009454152191 0.0 0.046749197843039866 0.9976539468180801 -0.04981828781228978 0.0 0.012403361730083159 0.04928968701054826 0.9987075064162655 0.0 0.32979586774867736 0.3049855748560231 0.3234085644184467 1.0
0.9986102067798321 -0.051643777888599585 -0.009556255633997692 0.0 0.051082476359573734 0.9973407817987571 -0.05179471470358618 0.0 0.01220595320945832 0.05123556000103918 0.9986120027806736 0.0 0.3311570281579656 0.30871716442867075 0.32260867000597326 1.0
0.998474493320968 -0.0542184854192533 -0.009475701952179666 0.0 0.05363146434033255 0.9970927157060139 -0.05394932084768337 0.0 0.012373442085581247 0.05335985236956231 0.9984986850697668 0.0 0.3321731355104383 0.31215017252916344 0.3215390933314428 1.0
0.9981804747830785 -0.05951972790542953 -0.008595850923550879 0.0 0.05895534184204349 0.9967135648781101 -0.05538126179011835 0.0 0.01186410727080977 0.054774777442326464 0.9984282481554747 0.0 0.33326538874766226 0.3157943555981519 0.3208267427956882 1.0
0.9979800183106694 -0.0629229322461846 -0.007571958226684877 0.0 0.06239742996993998 0.9964422246680524 -0.05648186021137299 0.0 0.011099236858414008 0.055896373333179795 0.9983748806882907 0.0 0.3343478245885816 0.319636805554219 0.32001307180324434 1.0
0.9976626371605344 -0.06794118197704835 -0.005831389770686127 0.0 0.06750200118112896 0.9960903173036639 -0.056818188211495625 0.0 0.009669071911484306 0.056292836822124506 0.9983674802250364 0.0 0.3354435773470555 0.32376658933650276 0.3190190442074033 1.0
0.9974195933443104 -0.07157594505616216 -0.0034330457899219074 0.0 0.07127090088747058 0.9958636352340904 -0.05618563523036023 0.0 0.0074405286537038 0.0557970514431657 0.998414406738806 0.0 0.3366445016135887 0.3282286494082965 0.3182642858043303 1.0
0.9972468213506303 -0.07400536237046244 -0.0016524368941805826 0.0 0.07379715739101844 0.9956911612139012 -0.055980692588843216 0.0 0.00578829969349198 0.0557056951029232 0.9984304538222771 0.0 0.33775480638593397 0.3326749082157259 0.3172836506139319 1.0
0.9970195271492711 -0.07702471359451289 -5.36650272876831e-05 0.0 0.07690174383217861 0.9954666611885635 -0.05579422155449326 0.0 0.004351039451992757 0.05562487240890516 0.9984422577321036 0.0 0.338867257472852 0.33712717858103197 0.316250034865655 1.0
0.9969322108816364 -0.07814239901175339 0.0008241872048136228 0.0 0.0780654537505393 0.995358841862835 -0.05610087127136937 0.0 0.0035635632557683124 0.05599418423863234 0.998424735444977 0.0 0.3400436410720519 0.34160631872545444 0.31518120470956584 1.0
0.996689930163303 -0.08117777842328566 0.0003135323559762946 0.0 0.08105917775014201 0.9950096916823872 -0.058016118982570704 0.0 0.004397736588950623 0.05785061005556832 0.9983155647534965 0.0 0.3408925347086057 0.3456425055939886 0.31364384863661393 1.0
0.9963979227599022 -0.08468722003620163 -3.440203652152286e-05 0.0 0.0845348015317614 0.9946288212889127 -0.059566115305785705 0.0 0.005078803753348488 0.05934978805556472 0.998224327699037 0.0 0.34185587265365314 0.3496802720041519 0.3122655375134227 1.0
0.9962392684759507 -0.08652966932771959 -0.0008265432513631317 0.0 0.08631636638798205 0.9943691916251174 -0.06132000115455461 0.0 0.006128006550895685 0.06101922369217966 0.9981177795609674 0.0 0.34281009372573534 0.3535259022548984 0.3106866929398064 1.0
0.9959229687791948 -0.0900884738804963 -0.001501343773567365 0.0 0.0898161480784769 0.9939606219124495 -0.06289744456629105 0.0 0.007158749210945474 0.06250736826693841 0.9980188280899693 0.0 0.3437928987868223 0.3573209657011991 0.30908852251784374 1.0
0.9957182792713434 -0.09231374047219484 -0.002007123851580089 0.0 0.09199639309731754 0.9936878162691284 -0.06404634538038166 0.0 0.007906964456263254 0.06358869294031395 0.9979448672362767 0.0 0.34483516161401984 0.3613260413937592 0.30763263118365175 1.0
0.9955484347849092 -0.09410981758922286 -0.0027208696861356083 0.0 0.09373239359219396 0.9934438162873597 -0.0653021375844115 0.0 0.008848773787186313 0.06475765401744597 0.997861786746351 0.0 0.34564137592156735 0.3651660064993203 0.3058920818560658 1.0
0.9950536262499105 -0.0992085683855452 -0.0025860678649866934 0.0 0.0988259656429568 0.9929273549517127 -0.06564634951420391 0.0 0.00908063271026685 0.0650673202277466 0.9978395592218027 0.0 0.34654780362950327 0.3692275050241132 0.3045686900418114 1.0
0.9947101853018039 -0.10259383558445788 -0.0026266058190665734 0.0 0.10219900811024595 0.9925691999089005 -0.0658975950600276 0.0 0.009367955431478035 0.06528182936120806 0.9978228921839224 0.0 0.34733773323520367 0.373159126159958 0.3030034284664806 1.0
0.9945191981622488 -0.10444645497535325 -0.0018026178207795236 0.0 0.10411217359002585 0.9924520965997807 -0.06465476135806406 0.0 0.008542136919334073 0.0641139613561519 0.9979060235593697 0.0 0.3482653475375706 0.3772188449701166 0.30166674025767426 1.0
0.9942346621007171 -0.10713550413636537 -0.00040906249896714545 0.0 0.10690091691763948 0.9922961403336742 -0.06246047343936417 0.0 0.007097782103702727 0.062057833354017246 0.9980473169186987 0.0 0.34937075982644566 0.3813305840462947 0.3003762098436447 1.0
0.9941812242414456 -0.10763003603675197 0.00046433793340148896 0.0 0.10745997744087774 0.9923487833071104 -0.06063820922909903 0.0 0.006065824247191244 0.060336428494261386 0.9981596671739242 0.0 0.3502875915112015 0.3851639392561642 0.2988855935508333 1.0
0.9940555235984223 -0.10878066130636314 0.0010633110666992524 0.0 0.10865296195472246 0.9923107399930722 -0.05911578515147578 0.0 0.00537562270837828 0.05888103830100555 0.998250532686606 0.0 0.3511249729048246 0.3887931935295469 0.2972930415044359 1.0
0.9934839555137692 -0.11387526995885222 0.001673299053282511 0.0 0.11378115686975825 0.9918136275008648 -0.057795532233587556 0.0 0.004921975794871716 0.0576104330558787 0.9983270066252786 0.0 0.35189390568200235 0.39225599766155606 0.2957274250848525 1.0
0.9928694713186788 -0.11910992542547603 0.0019456334993210016 0.0 0.11902710906727783 0.9912497388305618 -0.05689683186819629 0.0 0.004848462050623671 0.056723802616388055 0.9983781360949772 0.0 0.3525399890546692 0.3955165133202716 0.2941767203115637 1.0
0.9922882423092328 -0.12385985327814937 0.0018782497110074639 0.0 0.12376847201693804 0.9907021859043019 -0.05631421738991629 0.0 0.005114383076742248 0.05611348424611343 0.9984112979987284 0.0 0.3531031482039921 0.398613691205633 0.292317881834336 1.0
0.9918106038874259 -0.12762706012051364 0.00195101067716509 0.0 0.12753869243231786 0.9902775757244164 -0.05536200729052039 0.0 0.005133746949801204 0.05515851720629914 0.9984644122961308 0.0 0.3537317307501803 0.4017559203665036 0.2907258430513159 1.0
0.991804461750184 -0.12767845832106722 0.001693468154847534 0.0 0.12758022709170955 0.9903180638689395 -0.054535904973797046 0.0 0.005286089939478202 0.05430605249015764 0.9985103454226643 0.0 0.35435994745402066 0.40476587853823626 0.2892125764030059 1.0
0.9918960941906704 -0.1269752338174383 0.00041860184917444756 0.0 0.1268049270074779 0.9903839057584631 -0.055145050570728424 0.0 0.006587605987578443 0.054752295203330865 0.998478236927235 0.0 0.35475341525322995 0.40737105995762934 0.28733186387840615 1.0
0.9918198861792891 -0.12756533639997739 -0.0010701540407452395 0.0 0.12730436956932412 0.9902621023776341 -0.056172172687134814 0.0 0.00822551346203159 0.05557751267484041 0.9984204930855355 0.0 0.3549377407077227 0.40974265255889397 0.28521676750777836 1.0
0.9913641294224768 -0.13104605347910403 -0.0022003779618018416 0.0 0.13070973565205568 0.9897756252789924 -0.056920325987798975 0.0 0.009637250103366007 0.05614223950969987 0.9983762679237125 0.0 0.3550192645991774 0.4121171198657509 0.28323684906913577 1.0
0.9907274374425713 -0.13575435071374822 -0.0032631061847325027 0.0 0.13534378471130937 0.9891149684495311 -0.05757070461884261 0.0 0.011043273413857151 0.05659632517247231 0.9983360667076385 0.0 0.35499096147338555 0.41449002100181226 0.28096905069855366 1.0
0.9904658391197227 -0.13764175410281426 -0.003593878903387442 0.0 0.13722003920434556 0.9889101097693337 -0.056640996971898415 0.0 0.011350407888715311 0.055608891033803405 0.9983881106457301 0.0 0.3551423432758478 0.41715505552605536 0.27873994594403156 1.0
0.9903769509630406 -0.13828949900169868 -0.0032025565129133854 0.0 0.1379150055623914 0.9889501763259335 -0.05420098603198101 0.0 0.010662801323867427 0.05323875169719734 0.9985248820062782 0.0 0.35530938998105277 0.4201169101479313 0.2763252667744434 1.0
0.9902277410286499 -0.13936805619747777 -0.002512510744659182 0.0 0.13905902475842705 0.9889537259107912 -0.05112594783089313 0.0 0.009610265860164849 0.05027791254030354 0.998689027826323 0.0 0.35543038160427953 0.4230139138215276 0.2735332658185614 1.0
0.9900988198353206 -0.1402901625288818 -0.001934983083559421 0.0 0.14003618899116016 0.988969346846427 -0.04806499424936543 0.0 0.008656851482716754 0.04731903746300716 0.9988423136891932 0.0 0.3553700545317705 0.42581751789793454 0.2704845628894415 1.0
0.9903179368020965 -0.13873864251655038 -0.0016492488932937012 0.0 0.13852274987082266 0.9893148894654921 -0.045257531431960825 0.0 0.00791074726748896 0.044591745189810565 0.9989739718023674 0.0 0.3552120813465005 0.42843194217257086 0.2674617954905332 1.0
0.9906406019652101 -0.13641267669079032 -0.0018778384563655592 0.0 0.13620559022398052 0.9897307150244778 -0.04314969096159656 0.0 0.007744868353286479 0.04249088181465954 0.9990668355904939 0.0 0.35503887313092 0.43083566204709145 0.2642662420377815 1.0
0.9907828760228817 -0.13537535852271668 -0.0018846182322817915 0.0 0.13518725826874187 0.9899731313985005 -0.040722858593618856 0.0 0.007378735058598839 0.04009350650979504 0.9991686869616582 0.0 0.3549451641013484 0.43318469936233006 0.2611068184992764 1.0
0.9903939823968069 -0.1381922778054388 -0.0018441497623909381 0.0 0.13802011061465633 0.9896731719403535 -0.03844747987379526 0.0 0.007138387800602636 0.0378243511871042 0.9992589063285265 0.0 0.3548463491659777 0.4355015276125451 0.2581121325481177 1.0
0.9894041883012441 -0.14510889847757355 -0.001872606683118153 0.0 0.14494430511461046 0.9887539052516722 -0.03657335321813206 0.0 0.007158803999208446 0.035915096656707106 0.9993292036948787 0.0 0.3546318973549107 0.4377004488134526 0.2552804442184154 1.0
0.9888612823013146 -0.14875898534377638 -0.002208063880046901 0.0 0.14859352746627216 0.9882774121384771 -0.0347630141560397 0.0 0.007353631950755415 0.03404835029044496 0.9993931328259326 0.0 0.35424189601832745 0.44002896344311543 0.252405828324978 1.0
0.9889915972695903 -0.1478810338506505 -0.002750865066723834 0.0 0.1477118212238611 0.988472448316278 -0.03292694476506347 0.0 0.0075885710644014595 0.03215875556315874 0.9994539649377703 0.0 0.3537802272335808 0.4424194826929634 0.24970240044227557 1.0
0.9893818013142732 -0.14523167748695062 -0.0034868300300691306 0.0 0.14505420072245248 0.9889218706320673 -0.031201915639130835 0.0 0.007979862662073414 0.03036541278472471 0.999507010229697 0.0 0.35323246795277125 0.44486107822656173 0.24708362560124397 1.0
0.9895362429842617 -0.14413835580242412 -0.004785928162293375 0.0 0.14392839809420815 0.9891079122694227 -0.030510670416549743 0.0 0.00913173309530806 0.029503151228216236 0.9995229739822298 0.0 0.35271273338165476 0.4471586177808974 0.24446929040489315 1.0
0.9892917154496026 -0.14573632365039604 -0.006600955450361437 0.0 0.14546874934626466 0.9888722853271722 -0.030841419822333443 0.0 0.011022429258526539 0.02955149734698113 0.9995024837676953 0.0 0.35218141993152324 0.44934939744008007 0.24185877536775907 1.0
0.9889713934425741 -0.14779230663160414 -0.008588594411851162 0.0 0.14745472345950117 0.9885522343610548 -0.03165961734538401 0.0 0.013169575625545106 0.030044605519776047 0.9994617971473467 0.0 0.3516038594194362 0.45136372638158223 0.23925040242293422 1.0
0.9890977361888241 -0.14678217986857595 -0.011018477226029371 0.0 0.1463501864249233 0.9886698823705953 -0.03307920083544444 0.0 0.01574937701421014 0.031106605363671623 0.9993919832710353 0.0 0.35097379547178514 0.45324255548237485 0.2364563208156994 1.0
0.9894364191353809 -0.14427105772358395 -0.01349745505944108 0.0 0.14373842621574356 0.9890062748914896 -0.03444706018645307 0.0 0.018319134257522355 0.032143691798137086 0.9993153618341115 0.0 0.35033601295248823 0.45527890343269084 0.2336223292856231 1.0
0.9897609346347678 -0.14178714326144612 -0.01582545979987601 0.0 0.1411546398797561 0.9893330431159071 -0.03572456214767184 0.0 0.02072233288282636 0.033125576711715454 0.999236348962251 0.0 0.34975732408308163 0.45737454111887765 0.23099644764316904 1.0
0.9899929358426685 -0.13989202580419288 -0.01802650823708158 0.0 0.13916311821500768 0.9895759347075606 -0.036794603918805034 0.0 0.02298631297684266 0.03391842589474979 0.9991602322953778 0.0 0.3493481066273309 0.45954647798371423 0.22832854430053462 1.0
0.9901858624709771 -0.13821938449972662 -0.02020164380273422 0.0 0.13738973248455674 0.9897819275596211 -0.037901770214481746 0.0 0.025234467135127635 0.034754967732024626 0.9990772311920396 0.0 0.34901454345582206 0.4617882136906835 0.22558320234231577 1.0
0.9902907504415692 -0.13723076465305775 -0.02174152073381958 0.0 0.13634577784245455 0.9899229611044666 -0.03798824612836187 0.0 0.026736101400562037 0.03465571144032007 0.9990416220290643 0.0 0.3486544549853513 0.4642326701210365 0.22291505743021456 1.0
0.9902386831969219 -0.1374555882181323 -0.022672857544687917 0.0 0.13655889784677153 0.9899219174783183 -0.037242604851608865 0.0 0.02756409346621818 0.03378353798753532 0.9990489944504375 0.0 0.3483070306116155 0.4670139650929263 0.22035235710844106 1.0
0.9899173506292438 -0.13964689910679234 -0.0233051366493373 0.0 0.1387581162120375 0.9896553747194082 -0.03618247331903236 0.0 0.028117365291015745 0.03258450862042726 0.9990734024920576 0.0 0.34795010959136075 0.46995536307554325 0.2178749237870078 1.0
0.9896622037986121 -0.14135192784709907 -0.023855853948051415 0.0 0.14047759380900635 0.9894539588277903 -0.03503792086944401 0.0 0.028557496613070704 0.03132509612846454 0.9991011999491028 0.0 0.3476001538752067 0.4729503805613512 0.21568685760832307 1.0
0.989912476069879 -0.13948177220318705 -0.024471858234876416 0.0 0.13862959560430993 0.9897636419376891 -0.03362313522020483 0.0 0.02891172665940526 0.029892012742152745 0.9991349156324159 0.0 0.3472680266643736 0.475780469911337 0.21339770283513373 1.0
0.9902668918147383 -0.13686457607901462 -0.024906177777757582 0.0 0.13604836629684666 0.9901768953033008 -0.031957861891614196 0.0 0.029035980038631715 0.0282589118387121 0.9991788357270625 0.0 0.3469497530143207 0.47831551125475025 0.21112847356327688 1.0
0.9905912204703111 -0.13441715416580485 -0.02533395930986916 0.0 0.13363479280752685 0.9905546400375957 -0.03039727212245917 0.0 0.029181147585536363 0.02672628705123119 0.9992167763834063 0.0 0.3466110280464481 0.48064537143088104 0.2091731723300171 1.0
0.990859689852437 -0.1322451850210225 -0.02624943743199401 0.0 0.1314531173134385 0.9908614238269019 -0.029907584682017964 0.0 0.029965265942551646 0.026184153830200604 0.9992079227694247 0.0 0.34607284547938394 0.4824243354150857 0.20717852207273052 1.0
0.9910451456219106 -0.13050986971245787 -0.027882613724172493 0.0 0.1296436575462782 0.9910693105738185 -0.030901304146712126 0.0 0.031667137629273395 0.027010303474874667 0.9991334424893221 0.0 0.3454224171169643 0.4835796773356738 0.2050002518808433 1.0
0.9911819517379323 -0.1290102447252223 -0.029923940350994604 0.0 0.12802053993441348 0.9912151176479344 -0.03292535196928233 0.0 0.03390942263218604 0.02880469020541833 0.9990097301222455 0.0 0.3446236870421673 0.48427965368287335 0.2027630189793776 1.0
0.9912891471208823 -0.12766315008264822 -0.03207325696802769 0.0 0.1265166433027552 0.9913176066001094 -0.03554839958763318 0.0 0.0363337045415724 0.03118154223866888 0.998853129012421 0.0 0.3437930265493492 0.4847412477925739 0.2005045227216108 1.0
0.9913895534662812 -0.12633326548295362 -0.034167326666705335 0.0 0.1250191996518362 0.9914089406504181 -0.03820024892639049 0.0 0.03870050042918579 0.03360040280319528 0.9986857785099343 0.0 0.3429403167806814 0.4851428465615334 0.19824675916043277 1.0
0.9914844280009637 -0.1250588599616622 -0.03605076251481072 0.0 0.12359082680345576 0.9914997076067549 -0.04042751843689599 0.0 0.04080092540348024 0.03562839740385873 0.9985318731941673 0.0 0.34216635499175224 0.48560745228430374 0.19602696972777364 1.0
0.9916081703590474 -0.12364341828549733 -0.03750051323740103 0.0 0.12206503065900169 0.9916312684987676 -0.04181270772086422 0.0 0.04235736313183579 0.0368850314539467 0.9984214281770794 0.0 0.3414338580734258 0.4862653225001997 0.19388363450887158 1.0
0.9917806046069488 -0.12206977768691127 -0.038091319249298955 0.0 0.12047599111001671 0.9918319307881542 -0.04166177548196444 0.0 0.042866655704382736 0.03673095862202933 0.9984053718342208 0.0 0.3407504135535322 0.48712522156157945 0.19196422274917577 1.0
0.9919819080502085 -0.12045294676356934 -0.03799642901969418 0.0 0.11891750086535538 0.9920731762211439 -0.04037558558878882 0.0 0.042559415684738165 0.035534094191607274 0.998461829158509 0.0 0.34017446813771013 0.488121178922245 0.19038987164050758 1.0
0.9922209024574017 -0.11864169422676517 -0.03745098154695272 0.0 0.11720434507520675 0.9923517473572752 -0.03849542717859319 0.0 0.041732513159013614 0.033807200624366096 0.9985566936991493 0.0 0.33962151188566964 0.48924806053246384 0.18912564414655472 1.0
0.9924386755885672 -0.11705012701206247 -0.036680919613317306 0.0 0.11573348507729081 0.9926116443316999 -0.03617500338896247 0.0 0.0406449792161139 0.03165687128293496 0.9986720323334871 0.0 0.3392082451615953 0.49037463126669584 0.1880117016641881 1.0
0.9926282594407225 -0.11577789631382633 -0.03557195786057489 0.0 0.11461845723192425 0.9928491989323032 -0.03307301532164682 0.0 0.039147467715084025 0.028752560278368044 0.9988196864544346 0.0 0.3390457567324578 0.4915494529439477 0.18692841327999385 1.0
0.9927860976797526 -0.11475617480222067 -0.03446057892403119 0.0 0.11374799357467731 0.9930492689497789 -0.02992140199344326 0.0 0.03765544332955292 0.025786226676916966 0.9989580261960066 0.0 0.33901238047297927 0.4926486420879491 0.1857960630406202 1.0
0.9929145195332291 -0.11377029542564987 -0.03402680825562975 0.0 0.11284202330465831 0.9932068262585703 -0.02806465661819848 0.0 0.036989294668299214 0.024026613738526534 0.9990267833808067 0.0 0.33893286569397696 0.4933873896100956 0.18445448811962406 1.0
0.9930150629116993 -0.11265622815275926 -0.03479088946945388 0.0 0.1116861725129231 0.9933200280220342 -0.028675210564653986 0.0 0.03778965593438851 0.024589728168168394 0.9989831265707024 0.0 0.33860224606924716 0.4936146306119361 0.18280486428221096 1.0
0.9930645000294307 -0.11172110161802944 -0.036359883604861316 0.0 0.1106127893117557 0.9933643069202079 -0.031191528959262128 0.0 0.03960412505545418 0.026953850911653084 0.9988518424669518 0.0 0.338116205233969 0.4934152871781279 0.1808523864736579 1.0
0.9930857219679078 -0.1109313867591914 -0.03815394024698213 0.0 0.1096519562679753 0.9933738965330151 -0.034139377185720556 0.0 0.04168905938911856 0.029720246059436448 0.9986885046406698 0.0 0.3377266264435474 0.49296752096592633 0.17877161053463184 1.0
0.9931530050996605 -0.10974617799976415 -0.03979487124198163 0.0 0.10829330457375007 0.9934206165875428 -0.03699710292079041 0.0 0.04359417549181947 0.03243489030603081 0.9985226716274519 0.0 0.3374634167802323 0.4924735858181636 0.17670590206549736 1.0
0.9932997630508181 -0.107888717926548 -0.041186796046335857 0.0 0.10629634703895577 0.9935566864815837 -0.03907613408614157 0.0 0.04513815966411716 0.034436971781162194 0.9983870199059481 0.0 0.33727408316241225 0.49218451076333103 0.1747126915771853 1.0
0.9935479076665958 -0.10522042615134404 -0.04209470267227617 0.0 0.10356706877288499 0.9938200116410723 -0.03970382385538907 0.0 0.04601309706039433 0.035088701717491934 0.9983243851127206 0.0 0.3371559161628863 0.4922238724720633 0.17282428380413514 1.0
0.9939745683097049 -0.10120821598122232 -0.04185930568753258 0.0 0.09964880159991267 0.9942946200360768 -0.037803066121987645 0.0 0.04544733832648039 0.03340469982580458 0.9984080656067369 0.0 0.33729358950190647 0.4927723326685656 0.1712855389989004 1.0
0.994929479039323 -0.09192334949691926 -0.040573100165217105 0.0 0.09060060739107734 0.9953200423012895 -0.03332101791566068 0.0 0.04344703583826586 0.029476682994670204 0.9986207890067682 0.0 0.33762071026923957 0.49383209511145426 0.17012563180475718 1.0
0.9957896385544563 -0.08309345344088266 -0.0384606375930136 0.0 0.08206262994311232 0.99623390964629 -0.02764903142780334 0.0 0.04061402680827915 0.0243769072727054 0.9988775036100445 0.0 0.33799926320075085 0.4950971645930039 0.16923866065503346 1.0
0.9963732963875681 -0.07679598496808963 -0.036378260537859 0.0 0.0760083485987573 0.9968422159010043 -0.022562678078496875 0.0 0.03799684048866321 0.01971617802154863 0.9990833360821817 0.0 0.33832488231793345 0.4961128277979585 0.16831763160858768 1.0
0.9968013133138031 -0.0711045281161067 -0.03622202035325451 0.0 0.0703701665296471 0.9972867961222742 -0.02116206143001416 0.0 0.03762918549754405 0.018545778085264406 0.9991196617592927 0.0 0.3381862463940948 0.49629063467550244 0.16703839455257505 1.0
0.9969125714387911 -0.06870465381913018 -0.037759003589857815 0.0 0.06786057522653946 0.9974153790159089 -0.02320023563850076 0.0 0.03925613083707178 0.02056665483661245 0.9990175017989097 0.0 0.3377044301279675 0.4957048153469382 0.16566035769656162 1.0
0.9969259814839502 -0.06763090037795891 -0.03931152067190326 0.0 0.06666558425252195 0.9974431416899796 -0.025369782677458694 0.0 0.04092757591112583 0.022671506499066955 0.9989048685050553 0.0 0.33720294363294484 0.49507482609480646 0.1642924350854051 1.0
0.9969872663100336 -0.0659438583518034 -0.0406022814941641 0.0 0.0648783668759964 0.9975175337727223 -0.02702432660950653 0.0 0.04228439017313603 0.024309167822310237 0.998809839112267 0.0 0.336808520039462 0.4946036000788186 0.16308590465366554 1.0
0.9971278782289192 -0.06320602611893074 -0.04149385041370423 0.0 0.062081163567201114 0.9976725144889941 -0.027860902077258103 0.0 0.043159081928530775 0.025205380940963265 0.9987502102221092 0.0 0.3365635659519815 0.49436368467848757 0.16203802798225422 1.0
0.9973601872565437 -0.05921438929728519 -0.04179784536252375 0.0 0.05809255719406783 0.9979209778656606 -0.02756308465150356 0.0 0.04334391244626386 0.025062662080989374 0.998745797599802 0.0 0.33650528310092453 0.4943417563538087 0.16116849955279558 1.0
0.9977273542604455 -0.052719682619057184 -0.041731385385650153 0.0 0.051647548879267875 0.9983076243172411 -0.026365978571597875 0.0 0.04305159510266479 0.02415119926164833 0.9987808967603158 0.0 0.3365576207171083 0.4944932266414665 0.16035380197645108 1.0
0.9979381898582257 -0.048784547218606346 -0.0414751018850084 0.0 0.04777306023654309 0.9985346876816295 -0.025039151610913423 0.0 0.04263667246945431 0.02300657604139274 0.9988257163387334 0.0 0.33661533122816345 0.4946890388919222 0.15945711827784456 1.0
0.9979391468887624 -0.048615610239899715 -0.041650071418175276 0.0 0.04761225672160134 0.9985495057501096 -0.024752868062031013 0.0 0.04279385792947351 0.022719239559801818 0.9988255712972792 0.0 0.3365083107028325 0.4946606495106577 0.1583769676035876 1.0
0.9979188839202601 -0.04845218988423761 -0.042320601507689994 0.0 0.04741069219837334 0.9985459801383771 -0.025276445872932245 0.0 0.043484602880931054 0.023217840658636222 0.9987842715959427 0.0 0.3361565957780612 0.49445717831749886 0.15712111332508127 1.0
0.9978875258291913 -0.048030157981741206 -0.04352397752908412 0.0 0.046901147777904585 0.9985356520704949 -0.026600390645154064 0.0 0.044738725606872316 0.02450334527033624 0.9986981688686706 0.0 0.3355310935365319 0.4940614589627589 0.1556166249561919 1.0
0.9978697519430207 -0.04712640105686237 -0.044897743616024 0.0 0.045894284059475904 0.9985416564357044 -0.02808953460839039 0.0 0.0461569146176629 0.02596964712890783 0.998596573527557 0.0 0.33478193333499046 0.49366787827148184 0.1541294703270132 1.0
0.9978844176503198 -0.046199025310493816 -0.04553115386469947 0.0 0.044939155684332814 0.9985786899023168 -0.028316413271465307 0.0 0.046775531243307314 0.026210880596002427 0.9985614850450065 0.0 0.3341941703680104 0.4936006939944828 0.15302298899629235 1.0
